# Data from file deaths.dat distributed with Introduction to
# Time Series and Forecasting by Peter J. Brockwell and
# Richard A. Davis, Springer 1996
# (C) 1996 Springer-Verlag New York, Inc.
# Accidental Deaths, U.S.A., by month Jan 1973- Dec 1978
# Used in Example 1.1.3, p. 3
# Col. 1: Month (1 = Jan, ..., 12 = Dec)
# Col. 2: Year (1973-1978)
# Col. 3: Accidental Deaths, U.S.A., by month
 1 197301  9007
 2 197302  8106
 3 197303  8928
 4 197304  9137
 5 197305 10017
 6 197306 10826
 7 197307 11317
 8 197308 10744
 9 197309  9713
10 197310  9938
11 197311  9161
12 197312  8927
 1 197401  7750
 2 197402  6981
 3 197403  8038
 4 197404  8422
 5 197405  8714
 6 197406  9512
 7 197407 10120
 8 197408  9823
 9 197409  8743
10 197410  9129
11 197411  8710
12 197412  8680
 1 197501  8162
 2 197502  7306
 3 197503  8124
 4 197504  7870
 5 197505  9387
 6 197506  9556
 7 197507 10093
 8 197508  9620
 9 197509  8285
10 197510  8433
11 197511  8160
12 197512  8034
 1 197601  7717
 2 197602  7461
 3 197603  7776
 4 197604  7925
 5 197605  8634
 6 197606  8945
 7 197607 10078
 8 197608  9179
 9 197609  8037
10 197610  8488
11 197611  7874
12 197612  8647
 1 197701  7792
 2 197702  6957
 3 197703  7726
 4 197704  8106
 5 197705  8890
 6 197706  9299
 7 197707 10625
 8 197708  9302
 9 197709  8314
10 197710  8850
11 197711  8265
12 197712  8796
 1 197801  7836
 2 197802  6892
 3 197803  7791
 4 197804  8129
 5 197805  9115
 6 197806  9434
 7 197807 10484
 8 197808  9827
 9 197809  9110
10 197810  9070
11 197811  8633
12 197812  9240
 
